
Explosion0 15 15 34 35 17 17
Explosion1 75 13 41 41 20 20
Explosion2 137 10 45 47 22 23
Explosion3 199 8 49 51 24 25
Explosion4 261 7 53 54 26 27
Explosion5 4 69 55 57 27 28
Explosion6 67 68 57 59 28 29
Explosion7 131 68 57 60 28 30
Explosion8 194 67 59 61 29 30
Explosion9 258 67 59 61 29 30
Explosion10 2 131 59 61 29 30
Explosion11 65 131 60 61 30 30
Explosion12 129 131 60 61 30 30
Explosion13 193 131 60 61 30 30
Explosion14 257 130 60 62 30 31
Explosion15 2 194 59 62 29 31
Explosion16 66 195 58 61 29 31
Explosion17 131 195 56 58  28 29
Explosion18 196 198 56 53 28 26
Explosion19 262 202 53 48 26 24
Explosion20 9 268 49 44 24 22
Explosion21 74 274 44 34 22 17
Explosion22 146 278 24 22 12 11